0.909455616856744
0.912098201719725
0.913029883422386
0.912638940491905
0.913069949341393
0.910505939819926
0.912131182915404
0.905387890116659
0.911611237173762
0.912192764451375
0.908593677587756
0.908839674003359
0.909019576876704
0.9121235566609
0.911895167840455
0.911581114302757
0.90939875038057
0.911305595527654
0.910293149384366
0.912605780651123
0.913058007763496
0.911690582004741
0.910646327457569
0.911730684614448
0.909843245279711
0.911996618390811
0.908205105140802
0.908895622119853
0.908742078444645
0.908782797965856
0.911945302558249
0.912868647308378
0.90830149019583
0.908565909211512
0.908540944279548
0.913089035741079
0.910301862585968
0.910360783077507
0.912849709255939
0.912006324506357
0.909669945539924
0.912175242903158
0.911280014113488
0.911806894398198
0.90860056452394
0.910273761209432
0.908968335333416
0.912855172139466
0.912923859090169
0.909694596703861
0.91094895746417
0.908522534471583
0.907386058284891
0.912116738991298
0.912361924695262
0.912297197219951
0.911729291428959
0.90789839670725
0.912615204985101
0.91182023623338
0.9127040403815
0.912718343618023
0.913044444928463
0.913108573637731
0.909857396986893
0.911473056706985
0.909731110760145
0.913270333269916
0.908415202874426
0.911791524623677
0.911380400219064
0.912423202065183
0.912539431717865
0.909398666508924
0.911573659342479
0.910986712486605
0.913472908091497
0.91022067410706
0.911851316088687
0.912053200485569
0.906984312494393
0.913032044670868
0.909191141901441
0.910831754901388
0.908723539714573
0.909052439694927
0.909939875846016
0.911453355115471
0.909315913672866
0.908669838894037
0.913405005595166
0.90996897531249
0.908826807179696
0.908964363507463
0.910107545887986
0.910347566543901
0.909071000721189
0.907106703109052
0.908223752411545
0.908113716844772
0.909804223809453
0.908482631064886
0.907748372561443
0.906241776329708
0.906867961166687
0.906894304395566
0.908097765004696
0.909285963178478
0.907651454284618
0.906388693446652
0.907732048802258
0.907452690417645
0.907929862299473
0.908368290369899
0.905189016403094
0.908983024824925
0.906222523253806
0.90863875473631
0.912771964051402
0.907577922341094
0.90568763212071
0.907805234524067
0.907002620487291
0.90894718880828
0.908125656827107
0.908421067665156
0.908047334143899
0.908437440708896
0.90796973682909
0.907075460594416
0.90751824285991
0.908065176065589
0.90775882242523
0.908600344800593
0.908269494094439
0.90749739903043
0.907267564168922
0.906911389794272
0.907643513312157
0.908251912031804
0.909058784504429
0.908567518242149
0.908470622484919
0.908371088619348
0.906391327664929
0.906309516883544
0.907736314356189
0.909420260424882
0.905146207650646
0.907484054111843
0.907591621612227
0.907253363804852
0.907847627333147
0.908050227102262
0.906642662432747
0.907964395305627
0.908036254518529
0.908057021317088
0.906813619416459
0.907648092655612
0.906478338738399
0.908051744979938
0.906691775079417
0.906622626018396
0.909217319599425
0.907696502449913
0.906923356013282
0.909349080597823
0.908307891337185
0.905446390849019
0.906183626894277
0.907947691812603
0.908502384416725
0.906558863620957
0.908445970967797
0.907373663217134
0.907183424319046
0.908765766939058
0.906041098729099
0.907889672290266
0.912680267745103
0.907183227886041
0.908281057584181
0.907922229827826
0.907388381759904
0.906823221077583
0.906802591599964
0.906950080072045
0.906720961915413
0.90762678041262
0.906476249633229
0.906714596254731
0.909440935385035
0.908680372682849
0.905122654686408
0.909013750404568
0.908029893394314
0.904765969258151
0.913463592409969
0.908771489487121
0.907085571006256
0.908772515525903
0.909254547690712
0.907041639536535
0.909240761855638
0.908466054144964
0.905004997108667
0.905155355763589
0.910795424640041
0.908473727229552
0.908477036025568
0.906721563235211
0.909902537303381
0.908432655367688
0.909386652727468
0.907374341676655
0.908693526485204
0.904652582179568
0.909339091331278
0.904958378218662
0.908551197317235
0.908526188779429
0.907791094783575
0.906930320162181
0.90967226039704
0.90620228382034
0.908878476527897
0.906519223940986
0.907519691402808
0.907954171660235
0.906867961459257
0.908261668346344
0.905406937583013
0.909401357209251
0.909383600751572
0.906766034107803
0.90864800793963
0.907242518318444
0.909662151283905
0.905496415020982
0.907728043056728
0.906674714910184
0.90827775545333
0.90682056618846
0.90868872556503
0.905400632494557
0.906505167326577
0.908781651005572
0.906674626364181
0.90716009095076
0.906756653397277
0.913219370095846
0.90908260999089
0.906943705899619
0.906812211560123
0.907084889152961
0.909175323638968
0.906653442043443
0.906781472612851
0.908082684999793
0.908882542797306
0.907117328941058
0.905805390180214
0.905135262602622
0.907116236887566
0.90911697113581
0.908999282170829
0.907194047233712
0.907383134769413
0.908864141685912
0.908714764339306
0.908296050458693
0.908766885598505
0.911184314677926
0.907488187830702
0.90853883480208
0.908949251903355
0.908278583581763
0.906897280034785
0.904341297753883
0.908398053243174
0.909047472052582
0.907617883125207
0.909268976945502
0.9074205559388
0.904470156251288
0.906831971098715
0.90942241305055
0.909960080549875
0.906133179585936
0.910017055437173
0.906483151513718
0.905245167915042
0.906995334780445
0.909787676067363
0.905242520274633
0.90984657313066
0.909819907555436
0.90586203466612
0.907719803089662
0.905936469734363
0.907441020978203
0.905971006859648
0.906231651891202
0.911032084159731
0.905402402963294
0.909858496484592
0.907016815617065
0.910055198830026
0.910002239396436
0.908136886324254
0.908795764327251
0.910057342579459
0.907398293628389
0.90988719636813
0.906312656252026
0.907196970766588
0.905412171049413
0.913329865889655
0.906203560890226
0.909852462619847
0.905464502008538
0.906130415128747
0.910146873555047
0.906889904758518
0.906336020932614
0.906746828019486
0.909802123912277
0.906844810960885
0.908088439332579
0.90640699115602
0.906861834786031
0.907038520353612
0.90769680239492
0.90553962126026
0.907083852574126
0.910596412179503
0.909929376331341
0.907867863244214
0.90616792303633
0.906474792572509
0.90963822700821
0.905202460615413
0.909439711117545
0.91042198256235
0.907381130778694
0.905851814099918
0.913626922604671
0.910170270300882
0.910893031605817
0.905188982439312
0.905420053062055
0.906018924916326
0.904439469987857
0.91052940782923
0.905993330897634
0.909785213011772
0.906616575034635
0.910032921935155
0.906997753881333
0.906300265963579
0.909624982095783
0.90535162573354
0.909902224998377
0.906270315230607
0.913753803027491
0.906837187388028
0.913525127829466
0.912902338135537
0.907194849692197
0.906851350792008
0.910004404140099
